volt_start,volt_stop,volt_step,volt_delay,volt_double,cc,comment
-0.0,-100.0,1.0,1.0,False,0.05,
V,I,Pass
-0,-1.0046e-09,0
-1,-4.9166e-09,0
-2,-5.7484e-09,0
-3,-6.3049e-09,0
-4,-7.2525e-09,0
-5,-8.0368e-09,0
-6,-8.7198e-09,0
-7,-9.2293e-09,0
-8,-9.7554e-09,0
-9,-9.8892e-09,0
-10,-1.02992e-08,0
-11,-1.05506e-08,0
-12,-1.07361e-08,0
-13,-1.09384e-08,0
-14,-1.08175e-08,0
-15,-1.09277e-08,0
-16,-1.11712e-08,0
-17,-1.13474e-08,0
-18,-1.11343e-08,0
-19,-1.15835e-08,0
-20,-1.15948e-08,0
-21,-1.16792e-08,0
-22,-1.17584e-08,0
-23,-1.18746e-08,0
-24,-1.20249e-08,0
-25,-1.20324e-08,0
-26,-1.21177e-08,0
-27,-1.2186e-08,0
-28,-1.22627e-08,0
-29,-1.23372e-08,0
-30,-1.24087e-08,0
-31,-1.24797e-08,0
-32,-1.25467e-08,0
-33,-1.26145e-08,0
-34,-1.26768e-08,0
-35,-1.27415e-08,0
-36,-1.28106e-08,0
-37,-1.28784e-08,0
-38,-1.29369e-08,0
-39,-1.29998e-08,0
-40,-1.30502e-08,0
-41,-1.31306e-08,0
-42,-1.31886e-08,0
-43,-1.32371e-08,0
-44,-1.33231e-08,0
-45,-1.09876e-08,0
-46,-1.66953e-08,0
-47,-1.32492e-08,0
-48,-1.37084e-08,0
-49,-1.361e-08,0
-50,-1.36775e-08,0
-51,-1.37468e-08,0
-52,-1.3801e-08,0
-53,-1.38628e-08,0
-54,-1.39294e-08,0
-55,-1.39859e-08,0
-56,-1.40194e-08,0
-57,-1.40909e-08,0
-58,-1.41182e-08,0
-59,-1.4362e-08,0
-60,-1.43298e-08,0
-61,-1.43957e-08,0
-62,-1.44613e-08,0
-63,-1.46016e-08,0
-64,-1.46095e-08,0
-65,-1.47368e-08,0
-66,-1.47867e-08,0
-67,-1.48252e-08,0
-68,-1.49182e-08,0
-69,-1.50015e-08,0
-70,-1.50878e-08,0
-71,-1.51781e-08,0
-72,-1.52762e-08,0
-73,-1.5353e-08,0
-74,-1.54378e-08,0
-75,-1.55243e-08,0
-76,-1.56259e-08,0
-77,-1.57342e-08,0
-78,-1.58404e-08,0
-79,-1.59302e-08,0
-80,-1.60237e-08,0
-81,-1.61702e-08,0
-82,-1.62883e-08,0
-83,-1.64044e-08,0
-84,-1.65426e-08,0
-85,-1.66682e-08,0
-86,-1.68163e-08,0
-87,-1.69533e-08,0
-88,-1.71006e-08,0
-89,-1.72285e-08,0
-90,-1.74132e-08,0
-91,-1.75614e-08,0
-92,-1.78922e-08,0
-93,-1.79358e-08,0
-94,-1.81367e-08,0
-95,-1.82552e-08,0
-96,-1.85013e-08,0
-97,-1.87252e-08,0
-98,-1.89195e-08,0
-99,-1.91469e-08,0
-100,-1.93921e-08,0
