volt_start,volt_stop,volt_step,volt_delay,volt_double,cc,comment
-0.0,1.2,0.05,4.0,False,0.05,
V,I,Pass
-0,-9.8443e-10,0
0.05,3.7977e-09,0
0.1,1.45807e-08,0
0.15,4.3058e-08,0
0.2,1.19124e-07,0
0.25,3.528e-07,0
0.3,9.686e-07,0
0.35,2.7174e-06,0
0.4,7.8338e-06,0
0.45,2.4753e-05,0
0.5,7.0229e-05,0
0.55,0.000191627,0
0.6,0.00050549,0
0.65,0.00140523,0
0.7,0.0033751,0
0.75,0.0035675,0
0.8,0.0035661,0
0.85,0.0035645,0
0.9,0.0035629,0
0.95,0.003561,0
1,0.0035588,0
1.05,0.0035565,0
1.1,0.0035546,0
1.15,0.0035525,0
1.2,0.0035504,0
