volt_start,volt_stop,volt_step,volt_delay,volt_double,cc,comment
-0.0,-65.0,0.2,1,False,0.05,
V,I,Pass
-0,-9.4755e-07,0
-0.2,-1.8813e-06,0
-0.4,-1.99362e-06,0
-0.6,-2.09e-06,0
-0.8,-2.1761e-06,0
-1,-2.2566e-06,0
-1.2,-2.3319e-06,0
-1.4,-2.4034e-06,0
-1.6,-2.4704e-06,0
-1.8,-2.5358e-06,0
-2,-2.5989e-06,0
-2.2,-2.6601e-06,0
-2.4,-2.7197e-06,0
-2.6,-2.7779e-06,0
-2.8,-2.8346e-06,0
-3,-2.8907e-06,0
-3.2,-2.9447e-06,0
-3.4,-2.9989e-06,0
-3.6,-3.0519e-06,0
-3.8,-3.1044e-06,0
-4,-3.1558e-06,0
-4.2,-3.2076e-06,0
-4.4,-3.2582e-06,0
-4.6,-3.3085e-06,0
-4.8,-3.3576e-06,0
-5,-3.407e-06,0
-5.2,-3.456e-06,0
-5.4,-3.5049e-06,0
-5.6,-3.5529e-06,0
-5.8,-3.6016e-06,0
-6,-3.6487e-06,0
-6.2,-3.6968e-06,0
-6.4,-3.7388e-06,0
-6.6,-3.786e-06,0
-6.8,-3.8334e-06,0
-7,-3.8804e-06,0
-7.2,-3.9272e-06,0
-7.4,-3.9739e-06,0
-7.6,-4.0204e-06,0
-7.8,-4.0669e-06,0
-8,-4.1129e-06,0
-8.2,-4.1595e-06,0
-8.4,-4.2055e-06,0
-8.6,-4.2519e-06,0
-8.8,-4.2979e-06,0
-9,-4.3442e-06,0
-9.2,-4.3903e-06,0
-9.4,-4.4365e-06,0
-9.6,-4.4823e-06,0
-9.8,-4.5287e-06,0
-10,-4.5746e-06,0
-10.2,-4.621e-06,0
-10.4,-4.6669e-06,0
-10.6,-4.7134e-06,0
-10.8,-4.7594e-06,0
-11,-4.8059e-06,0
-11.2,-4.8518e-06,0
-11.4,-4.8984e-06,0
-11.6,-4.9448e-06,0
-11.8,-4.9915e-06,0
-12,-5.0384e-06,0
-12.2,-5.0849e-06,0
-12.4,-5.1315e-06,0
-12.6,-5.1786e-06,0
-12.8,-5.218e-06,0
-13,-5.2655e-06,0
-13.2,-5.3128e-06,0
-13.4,-5.3603e-06,0
-13.6,-5.4076e-06,0
-13.8,-5.4555e-06,0
-14,-5.5031e-06,0
-14.2,-5.5512e-06,0
-14.4,-5.5988e-06,0
-14.6,-5.6472e-06,0
-14.8,-5.6957e-06,0
-15,-5.7445e-06,0
-15.2,-5.793e-06,0
-15.4,-5.8421e-06,0
-15.6,-5.8914e-06,0
-15.8,-5.9408e-06,0
-16,-5.9899e-06,0
-16.2,-6.0398e-06,0
-16.4,-6.0898e-06,0
-16.6,-6.1403e-06,0
-16.8,-6.1904e-06,0
-17,-6.2413e-06,0
-17.2,-6.2923e-06,0
-17.4,-6.3439e-06,0
-17.6,-6.3947e-06,0
-17.8,-6.4466e-06,0
-18,-6.4986e-06,0
-18.2,-6.5512e-06,0
-18.4,-6.6036e-06,0
-18.6,-6.6565e-06,0
-18.8,-6.7097e-06,0
-19,-6.7637e-06,0
-19.2,-6.8107e-06,0
-19.4,-6.8652e-06,0
-19.6,-6.9196e-06,0
-19.8,-6.9748e-06,0
-20,-7.0295e-06,0
-20.2,-7.0854e-06,0
-20.4,-7.1412e-06,0
-20.6,-7.1979e-06,0
-20.8,-7.2537e-06,0
-21,-7.311e-06,0
-21.2,-7.3684e-06,0
-21.4,-7.4267e-06,0
-21.6,-7.4847e-06,0
-21.8,-7.5437e-06,0
-22,-7.6029e-06,0
-22.2,-7.6628e-06,0
-22.4,-7.7225e-06,0
-22.6,-7.7834e-06,0
-22.8,-7.8446e-06,0
-23,-7.9063e-06,0
-23.2,-7.9683e-06,0
-23.4,-8.031e-06,0
-23.6,-8.0943e-06,0
-23.8,-8.1581e-06,0
-24,-8.2222e-06,0
-24.2,-8.287e-06,0
-24.4,-8.3524e-06,0
-24.6,-8.419e-06,0
-24.8,-8.4851e-06,0
-25,-8.5525e-06,0
-25.2,-8.6206e-06,0
-25.4,-8.6893e-06,0
-25.6,-8.751e-06,0
-25.8,-8.8212e-06,0
-26,-8.8919e-06,0
-26.2,-8.9632e-06,0
-26.4,-9.0343e-06,0
-26.6,-9.1073e-06,0
-26.8,-9.1806e-06,0
-27,-9.255e-06,0
-27.2,-9.329e-06,0
-27.4,-9.4047e-06,0
-27.6,-9.4815e-06,0
-27.8,-9.5591e-06,0
-28,-9.6366e-06,0
-28.2,-9.7157e-06,0
-28.4,-9.7955e-06,0
-28.6,-9.8767e-06,0
-28.8,-9.9572e-06,0
-29,-1.00401e-05,0
-29.2,-1.01235e-05,0
-29.4,-1.02077e-05,0
-29.6,-1.02926e-05,0
-29.8,-1.03791e-05,0
-30,-1.04665e-05,0
-30.2,-1.0555e-05,0
-30.4,-1.06434e-05,0
-30.6,-1.0734e-05,0
-30.8,-1.08254e-05,0
-31,-1.09186e-05,0
-31.2,-1.10116e-05,0
-31.4,-1.11069e-05,0
-31.6,-1.1203e-05,0
-31.8,-1.13005e-05,0
-32,-1.13872e-05,0
-32.2,-1.14868e-05,0
-32.4,-1.15877e-05,0
-32.6,-1.16898e-05,0
-32.8,-1.17927e-05,0
-33,-1.18973e-05,0
-33.2,-1.20035e-05,0
-33.4,-1.21111e-05,0
-33.6,-1.22185e-05,0
-33.8,-1.23293e-05,0
-34,-1.24403e-05,0
-34.2,-1.25538e-05,0
-34.4,-1.26674e-05,0
-34.6,-1.27837e-05,0
-34.8,-1.29016e-05,0
-35,-1.30211e-05,0
-35.2,-1.31412e-05,0
-35.4,-1.32638e-05,0
-35.6,-1.3388e-05,0
-35.8,-1.35141e-05,0
-36,-1.3641e-05,0
-36.2,-1.37709e-05,0
-36.4,-1.39023e-05,0
-36.6,-1.40356e-05,0
-36.8,-1.41689e-05,0
-37,-1.43062e-05,0
-37.2,-1.4445e-05,0
-37.4,-1.45865e-05,0
-37.6,-1.47284e-05,0
-37.8,-1.48737e-05,0
-38,-1.50211e-05,0
-38.2,-1.51705e-05,0
-38.4,-1.5297e-05,0
-38.6,-1.54508e-05,0
-38.8,-1.56062e-05,0
-39,-1.57639e-05,0
-39.2,-1.59239e-05,0
-39.4,-1.60863e-05,0
-39.6,-1.62511e-05,0
-39.8,-1.64186e-05,0
-40,-1.65863e-05,0
-40.2,-1.67594e-05,0
-40.4,-1.69343e-05,0
-40.6,-1.71119e-05,0
-40.8,-1.72919e-05,0
-41,-1.74753e-05,0
-41.2,-1.76611e-05,0
-41.4,-1.78504e-05,0
-41.6,-1.80405e-05,0
-41.8,-1.82356e-05,0
-42,-1.8433e-05,0
-42.2,-1.86356e-05,0
-42.4,-1.88358e-05,0
-42.6,-1.90455e-05,0
-42.8,-1.9255e-05,0
-43,-1.94737e-05,0
-43.2,-1.96848e-05,0
-43.4,-1.99054e-05,0
-43.6,-2.0132e-05,0
-43.8,-2.0359e-05,0
-44,-2.059e-05,0
-44.2,-2.0826e-05,0
-44.4,-2.1067e-05,0
-44.6,-2.1309e-05,0
-44.8,-2.1526e-05,0
-45,-2.1776e-05,0
-45.2,-2.2031e-05,0
-45.4,-2.2293e-05,0
-45.6,-2.2556e-05,0
-45.8,-2.2824e-05,0
-46,-2.3095e-05,0
-46.2,-2.3374e-05,0
-46.4,-2.3653e-05,0
-46.6,-2.3941e-05,0
-46.8,-2.423e-05,0
-47,-2.4529e-05,0
-47.2,-2.4828e-05,0
-47.4,-2.5138e-05,0
-47.6,-2.5448e-05,0
-47.8,-2.5767e-05,0
-48,-2.6085e-05,0
-48.2,-2.6416e-05,0
-48.4,-2.6752e-05,0
-48.6,-2.7092e-05,0
-48.8,-2.7437e-05,0
-49,-2.7791e-05,0
-49.2,-2.8151e-05,0
-49.4,-2.8518e-05,0
-49.6,-2.8886e-05,0
-49.8,-2.9268e-05,0
-50,-2.9652e-05,0
-50.2,-3.0046e-05,0
-50.4,-3.0445e-05,0
-50.6,-3.0853e-05,0
-50.8,-3.1268e-05,0
-51,-3.1694e-05,0
-51.2,-3.2135e-05,0
-51.4,-3.2574e-05,0
-51.6,-3.302e-05,0
-51.8,-3.3478e-05,0
-52,-3.394e-05,0
-52.2,-3.4416e-05,0
-52.4,-3.4899e-05,0
-52.6,-3.5393e-05,0
-52.8,-3.5886e-05,0
-53,-3.6397e-05,0
-53.2,-3.6918e-05,0
-53.4,-3.7447e-05,0
-53.6,-3.7987e-05,0
-53.8,-3.8539e-05,0
-54,-3.9105e-05,0
-54.2,-3.9677e-05,0
-54.4,-4.0254e-05,0
-54.6,-4.0852e-05,0
-54.8,-4.1464e-05,0
-55,-4.2087e-05,0
-55.2,-4.2717e-05,0
-55.4,-4.3365e-05,0
-55.6,-4.4026e-05,0
-55.8,-4.4703e-05,0
-56,-4.5383e-05,0
-56.2,-4.6087e-05,0
-56.4,-4.6805e-05,0
-56.6,-4.7543e-05,0
-56.8,-4.8284e-05,0
-57,-4.9051e-05,0
-57.2,-4.9835e-05,0
-57.4,-5.0633e-05,0
-57.6,-5.1353e-05,0
-57.8,-5.2186e-05,0
-58,-5.3038e-05,0
-58.2,-5.3906e-05,0
-58.4,-5.4789e-05,0
-58.6,-5.5695e-05,0
-58.8,-5.6627e-05,0
-59,-5.7575e-05,0
-59.2,-5.8532e-05,0
-59.4,-5.9528e-05,0
-59.6,-6.0542e-05,0
-59.8,-6.1585e-05,0
-60,-6.2643e-05,0
-60.2,-6.3732e-05,0
-60.4,-6.4846e-05,0
-60.6,-6.5993e-05,0
-60.8,-6.715e-05,0
-61,-6.8351e-05,0
-61.2,-6.9573e-05,0
-61.4,-7.0835e-05,0
-61.6,-7.2115e-05,0
-61.8,-7.3439e-05,0
-62,-7.4796e-05,0
-62.2,-7.6178e-05,0
-62.4,-7.7586e-05,0
-62.6,-7.9047e-05,0
-62.8,-8.0543e-05,0
-63,-8.2088e-05,0
-63.2,-8.366e-05,0
-63.4,-0.00025404,0
-63.6,-0.00039672,0
-63.8,-0.00089109,0
-64,-0.00154038,0
-64.2,-0.0028972,0
-64.4,-0.0028967,0
-64.6,-0.0028957,0
-64.8,-0.002895,0
-65,-0.0028944,0
