volt_start,volt_stop,volt_step,volt_delay,volt_double,cc,comment
0.0,-11.0,0.05,2.0,False,0.05,
V,I,Pass
0,-6.0634e-12,0
-0.05,-1.72861e-11,0
-0.1,-2.185e-11,0
-0.15,-1.81376e-11,0
-0.2,-1.79761e-11,0
-0.25,-2.2703e-11,0
-0.3,-2.2967e-11,0
-0.35,-2.3804e-11,0
-0.4,-2.513e-11,0
-0.45,-2.6518e-11,0
-0.5,-2.7281e-11,0
-0.55,-2.6568e-11,0
-0.6,-2.9464e-11,0
-0.65,-2.936e-11,0
-0.7,-3.2228e-11,0
-0.75,-3.3532e-11,0
-0.8,-1.98751e-11,0
-0.85,-3.6576e-11,0
-0.9,-3.5521e-11,0
-0.95,-3.5915e-11,0
-1,-3.0317e-11,0
-1.05,-3.9728e-11,0
-1.1,-2.7559e-11,0
-1.15,-4.3346e-11,0
-1.2,-4.092e-11,0
-1.25,-4.168e-11,0
-1.3,-4.4235e-11,0
-1.35,-4.3063e-11,0
-1.4,-4.161e-11,0
-1.45,-4.5063e-11,0
-1.5,-5.03e-11,0
-1.55,-4.747e-11,0
-1.6,-4.7282e-11,0
-1.65,-5.2105e-11,0
-1.7,-5.2617e-11,0
-1.75,2.2248e-11,0
-1.8,4.6572e-11,0
-1.85,-1.01046e-10,0
-1.9,-5.6375e-11,0
-1.95,-6.0934e-11,0
-2,-7.1642e-11,0
-2.05,-5.5522e-11,0
-2.1,-3.4184e-11,0
-2.15,-5.1215e-11,0
-2.2,-8.6737e-11,0
-2.25,-5.7308e-11,0
-2.3,-5.9089e-11,0
-2.35,-4.9847e-11,0
-2.4,-6.4108e-11,0
-2.45,-6.1048e-11,0
-2.5,-3.3992e-11,0
-2.55,-7.2146e-11,0
-2.6,-6.7919e-11,0
-2.65,-6.115e-11,0
-2.7,-6.3866e-11,0
-2.75,-6.544e-11,0
-2.8,-1.74886e-11,0
-2.85,-7.5429e-11,0
-2.9,-7.0387e-11,0
-2.95,-8.8725e-11,0
-3,-6.9775e-11,0
-3.05,-6.908e-11,0
-3.1,-7.1667e-11,0
-3.15,-7.1813e-11,0
-3.2,-7.1265e-11,0
-3.25,-6.3081e-11,0
-3.3,-6.0384e-11,0
-3.35,-7.4037e-11,0
-3.4,-6.8803e-11,0
-3.45,-8.3627e-11,0
-3.5,-7.9043e-11,0
-3.55,-7.6713e-11,0
-3.6,-7.7211e-11,0
-3.65,-7.7678e-11,0
-3.7,-7.7939e-11,0
-3.75,-7.7007e-11,0
-3.8,-7.8227e-11,0
-3.85,-7.944e-11,0
-3.9,-8.2985e-11,0
-3.95,-6.0789e-11,0
-4,-8.6662e-11,0
-4.05,-8.3686e-11,0
-4.1,-8.4342e-11,0
-4.15,-8.4586e-11,0
-4.2,-8.4061e-11,0
-4.25,-8.6572e-11,0
-4.3,-8.8998e-11,0
-4.35,-8.5727e-11,0
-4.4,-9.2251e-11,0
-4.45,-7.2291e-11,0
-4.5,-6.709e-11,0
-4.55,-1.00054e-10,0
-4.6,-9.2293e-11,0
-4.65,-9.2924e-11,0
-4.7,-9.4033e-11,0
-4.75,-9.4452e-11,0
-4.8,-9.3915e-11,0
-4.85,-9.4914e-11,0
-4.9,-9.6848e-11,0
-4.95,-9.7005e-11,0
-5,-9.7229e-11,0
-5.05,-1.04465e-10,0
-5.1,-9.9139e-11,0
-5.15,-1.00046e-10,0
-5.2,-1.08614e-10,0
-5.25,-1.08407e-10,0
-5.3,-1.05563e-10,0
-5.35,-1.05685e-10,0
-5.4,-1.0336e-10,0
-5.45,-9.8725e-11,0
-5.5,-1.08792e-10,0
-5.55,-1.07525e-10,0
-5.6,-1.07631e-10,0
-5.65,-1.1088e-10,0
-5.7,-1.08671e-10,0
-5.75,-1.09839e-10,0
-5.8,-1.11682e-10,0
-5.85,-1.11994e-10,0
-5.9,-1.10356e-10,0
-5.95,-1.06637e-10,0
-6,-1.21315e-10,0
-6.05,-1.16192e-10,0
-6.1,-1.14558e-10,0
-6.15,-1.17936e-10,0
-6.2,-1.18331e-10,0
-6.25,-1.17738e-10,0
-6.3,-1.1949e-10,0
-6.35,-1.20834e-10,0
-6.4,-1.21293e-10,0
-6.45,-1.13031e-10,0
-6.5,-1.19838e-10,0
-6.55,-1.24551e-10,0
-6.6,-1.28159e-10,0
-6.65,-1.27347e-10,0
-6.7,-1.27138e-10,0
-6.75,-1.28527e-10,0
-6.8,-1.02417e-10,0
-6.85,-1.33225e-10,0
-6.9,-1.55012e-10,0
-6.95,-1.53004e-10,0
-7,-1.38279e-10,0
-7.05,-1.34606e-10,0
-7.1,-1.37018e-10,0
-7.15,-1.65997e-10,0
-7.2,-1.41909e-10,0
-7.25,-1.41366e-10,0
-7.3,-1.34021e-10,0
-7.35,-1.38291e-10,0
-7.4,-1.51369e-10,0
-7.45,-1.44591e-10,0
-7.5,-1.56331e-10,0
-7.55,-1.50971e-10,0
-7.6,-1.50888e-10,0
-7.65,-1.3886e-10,0
-7.7,-1.70288e-10,0
-7.75,-1.60537e-10,0
-7.8,-1.52945e-10,0
-7.85,-1.61715e-10,0
-7.9,-1.63477e-10,0
-7.95,-1.6531e-10,0
-8,-1.67299e-10,0
-8.05,-1.81931e-10,0
-8.1,-1.7551e-10,0
-8.15,-1.77204e-10,0
-8.2,-1.78413e-10,0
-8.25,-1.81918e-10,0
-8.3,-1.84841e-10,0
-8.35,-1.88642e-10,0
-8.4,-1.8795e-10,0
-8.45,-1.68519e-10,0
-8.5,-2.0289e-10,0
-8.55,-1.22478e-10,0
-8.6,-2.1507e-10,0
-8.65,-2.4257e-10,0
-8.7,-1.79605e-10,0
-8.75,-2.2462e-10,0
-8.8,-2.4011e-10,0
-8.85,-2.5489e-10,0
-8.9,-2.6211e-10,0
-8.95,-2.741e-10,0
-9,-2.8823e-10,0
-9.05,-3.0219e-10,0
-9.1,-3.1886e-10,0
-9.15,-3.3778e-10,0
-9.2,-3.6144e-10,0
-9.25,-3.8617e-10,0
-9.3,-3.7689e-10,0
-9.35,-4.5656e-10,0
-9.4,-4.9585e-10,0
-9.45,-5.4465e-10,0
-9.5,-6.0377e-10,0
-9.55,-6.763e-10,0
-9.6,-7.6916e-10,0
-9.65,-8.8314e-10,0
-9.7,-1.03092e-09,0
-9.75,-1.22831e-09,0
-9.8,-1.52047e-09,0
-9.85,-1.9179e-09,0
-9.9,-2.6346e-09,0
-9.95,-3.9628e-09,0
-10,-3.9641e-08,0
-10.05,-0.0020977,0
-10.1,-0.0034688,0
-10.15,-0.0034687,0
-10.2,-0.0034682,0
-10.25,-0.0034676,0
-10.3,-0.003467,0
-10.35,-0.003466,0
-10.4,-0.0034651,0
-10.45,-0.003464,0
-10.5,-0.003463,0
-10.55,-0.0034618,0
-10.6,-0.0034608,0
-10.65,-0.0034595,0
-10.7,-0.0034585,0
-10.75,-0.0034573,0
-10.8,-0.0034563,0
-10.85,-0.003455,0
-10.9,-0.0034539,0
-10.95,-0.0034527,0
-11,-0.0034519,0
