% Date and time: 2014-03-24 10:47
% Measurement type: Single spectrum
% Initial holding time: 0 seconds
% Integration type: MED
% Integration time: 4
%    Bias [V]	  Freq1 [Hz]	    Cap1 [F]	Cond1 [S/Hz]	
        0.00	     1000000	   1.216E-09	   1.724E-10	
       -0.50	     1000000	   9.116E-10	   1.002E-10	
       -1.00	     1000000	   7.608E-10	   7.070E-11	
       -1.50	     1000000	   6.719E-10	   5.547E-11	
       -2.00	     1000000	   6.122E-10	   4.634E-11	
       -2.50	     1000000	   5.686E-10	   4.021E-11	
       -3.00	     1000000	   5.349E-10	   3.583E-11	
       -3.50	     1000000	   5.082E-10	   3.266E-11	
       -4.00	     1000000	   4.859E-10	   3.010E-11	
       -4.50	     1000000	   4.672E-10	   2.805E-11	
       -5.00	     1000000	   4.510E-10	   2.634E-11	
       -5.50	     1000000	   4.369E-10	   2.488E-11	
       -6.00	     1000000	   4.244E-10	   2.371E-11	
       -6.50	     1000000	   4.132E-10	   2.265E-11	
       -7.00	     1000000	   4.030E-10	   2.174E-11	
       -7.50	     1000000	   3.938E-10	   2.101E-11	
       -8.00	     1000000	   3.852E-10	   2.061E-11	
       -8.50	     1000000	   3.773E-10	   2.067E-11	
       -9.00	     1000000	   3.701E-10	   2.174E-11	
       -9.50	     1000000	   3.634E-10	   2.347E-11	
      -10.00	     1000000	   3.574E-10	   2.453E-11	
