516.961	694
517.387	709
517.812	699
518.237	710
518.662	676
519.087	724
519.513	711
519.938	711
520.363	719
520.788	732
521.213	707
521.638	718
522.064	710
522.489	712
522.914	709
523.339	717
523.764	728
524.189	693
524.614	743
525.039	716
525.464	713
525.889	732
526.315	718
526.740	718
527.165	731
527.590	706
528.015	711
528.440	741
528.865	715
529.290	730
529.715	719
530.140	733
530.565	756
530.990	748
531.415	756
531.840	761
532.265	744
532.690	744
533.115	731
533.540	751
533.964	739
534.389	758
534.814	753
535.239	768
535.664	770
536.089	789
536.514	788
536.939	770
537.364	859
537.789	865
538.213	911
538.638	1034
539.063	1084
539.488	1205
539.913	1337
540.338	1566
540.762	1815
541.187	2107
541.612	2410
542.037	2873
542.462	3429
542.886	4170
543.311	4517
543.736	5418
544.161	6178
544.585	7145
545.010	7993
545.435	9148
545.860	10123
546.284	11248
546.709	12196
547.134	13789
547.558	14826
547.983	15921
548.408	17444
548.832	18742
549.257	20265
549.682	21045
550.106	21955
550.531	23081
550.956	24378
551.380	25802
551.805	28015
552.230	29743
552.654	32544
553.079	33777
553.503	34408
553.928	33541
554.353	32684
554.777	32555
555.202	33091
555.626	33080
556.051	33200
556.475	33407
556.900	34102
557.324	33965
557.749	34819
558.173	34680
558.598	35757
559.022	35553
559.447	36461
559.871	37028
560.296	37248
560.720	38019
561.145	38936
561.569	39595
561.994	40457
562.418	41253
562.843	41853
563.267	42416
563.691	43382
564.116	45382
564.540	47816
564.965	50052
565.389	53803
565.813	57856
566.238	61635
566.662	64782
567.087	65535
567.511	63380
567.935	58967
568.360	53434
568.784	51505
569.208	53494
569.633	53340
570.057	50884
570.481	45274
570.905	42160
571.330	40730
571.754	39684
572.178	39087
572.603	38963
573.027	38398
573.451	37753
573.875	37262
574.300	36468
574.724	36271
575.148	36194
575.572	36646
575.996	36309
576.421	36581
576.845	41703
577.269	57837
577.693	65535
578.117	64735
578.541	47554
578.966	35031
579.390	34155
579.814	34136
580.238	33562
580.662	33568
581.086	33297
581.510	33631
581.934	33544
582.359	33274
582.783	33517
583.207	33314
583.631	33685
584.055	34065
584.479	34534
584.903	34121
585.327	34259
585.751	33236
586.175	32902
586.599	32187
587.023	32786
587.447	32936
587.871	32861
588.295	32912
588.719	33075
589.143	33114
589.567	33825
589.991	34164
590.415	34720
590.839	35795
591.263	36646
591.687	38229
592.111	39731
592.535	41167
592.959	41804
593.382	41932
593.806	41103
594.230	39369
594.654	38104
595.078	36589
595.502	35617
595.926	34892
596.350	34340
596.773	33780
597.197	33107
597.621	32412
598.045	31684
598.469	31909
598.892	31717
599.316	31813
599.740	30992
600.164	31506
600.588	30769
601.011	30541
601.435	30457
601.859	29941
602.283	30124
602.706	30097
603.130	29905
603.554	29485
603.978	29393
604.401	28874
604.825	29025
605.249	28950
605.672	28707
606.096	28892
606.520	28826
606.943	29197
607.367	29054
607.791	29171
608.214	28993
608.638	29058
609.062	29255
609.485	29089
609.909	29340
610.332	29886
610.756	29571
611.180	29985
611.603	29617
612.027	29796
612.450	29505
612.874	29971
613.298	30204
613.721	30025
614.145	30649
614.568	30573
614.992	30676
615.415	30941
615.839	30772
616.262	31053
616.686	30768
617.109	31419
617.533	31541
617.956	31487
618.380	31637
618.803	31911
619.227	31886
619.650	32805
620.073	32831
620.497	32999
620.920	33062
621.344	33626
621.767	33678
622.191	33529
622.614	32235
623.037	32515
623.461	32251
623.884	31765
624.307	32049
624.731	31814
625.154	32235
625.578	32640
626.001	33495
626.424	33979
626.847	33260
627.271	33018
627.694	32154
628.117	32112
628.541	31729
628.964	31828
629.387	31547
629.811	31559
630.234	30741
630.657	30875
631.080	30536
631.504	30112
631.927	29576
632.350	29255
632.773	28706
633.196	28615
633.620	28439
634.043	28285
634.466	27996
634.889	27799
635.312	27728
635.736	27848
636.159	27374
636.582	27598
637.005	27692
637.428	27429
637.851	27465
638.274	27295
638.698	27215
639.121	27287
639.544	27179
639.967	27101
640.390	27237
640.813	27138
641.236	27074
641.659	27162
642.082	27024
642.505	27123
642.928	26785
643.351	26803
643.774	26841
644.197	26807
644.620	26593
645.043	26615
645.466	26856
645.889	27177
646.312	27581
646.735	28443
647.158	29294
647.581	29297
648.004	29097
648.427	28523
648.850	27419
649.273	27300
649.696	26758
650.119	26225
650.542	25818
650.965	25560
651.388	25203
651.810	25099
652.233	24769
652.656	24582
653.079	24557
653.502	24946
653.925	24484
654.348	24565
654.770	24329
655.193	24454
655.616	24395
656.039	24653
656.462	24387
656.885	24679
657.307	24443
657.730	24432
658.153	24745
658.576	25026
658.998	25516
659.421	25711
659.844	26193
660.267	26293
660.689	26093
661.112	26619
661.535	26414
661.958	26242
662.380	25270
662.803	24583
663.226	24145
663.648	23842
664.071	23909
664.494	23494
664.916	23740
665.339	23747
665.762	23667
666.184	23959
666.607	23985
667.030	23667
667.452	22904
667.875	22254
668.297	22060
668.720	21685
669.143	21516
669.565	21343
669.988	21029
670.410	21015
670.833	21161
671.255	21204
671.678	21570
672.100	21677
672.523	22364
672.945	24040
673.368	26482
673.791	26614
674.213	25351
674.635	23239
675.058	22084
675.480	21342
675.903	21064
676.325	21169
676.748	20560
677.170	20281
677.593	19986
678.015	19895
678.438	19526
678.860	19339
679.282	19378
679.705	19204
680.127	19099
680.550	19187
680.972	18974
681.394	18879
681.817	18807
682.239	18718
682.661	18378
683.084	18791
683.506	18692
683.928	18395
684.351	18309
684.773	18206
685.195	18100
685.618	18112
686.040	18222
686.462	18049
686.885	18271
687.307	18505
687.729	18130
688.151	18199
688.574	18136
688.996	18362
689.418	18597
689.840	19506
690.262	19617
690.685	19055
691.107	18768
691.529	18697
691.951	18177
692.373	17690
692.796	16933
693.218	16730
693.640	16625
694.062	16390
694.484	16189
694.906	16181
695.329	15975
695.751	16069
696.173	15710
696.595	15872
697.017	15710
697.439	15655
697.861	15395
698.283	15301
698.705	15252
699.127	15365
699.549	15041
699.971	15009
700.394	15015
700.816	14848
701.238	14812
701.660	14860
702.082	15011
702.504	14599
702.926	15064
703.348	15130
703.770	14799
704.192	14644
704.614	14655
705.036	14271
705.457	14305
705.879	14065
706.301	14191
706.723	14024
707.145	13931
707.567	14054
707.989	13958
708.411	14124
708.833	13882
709.255	13689
709.677	13645
710.098	13683
710.520	13615
710.942	13728
711.364	13859
711.786	13799
712.208	13546
712.630	13503
713.051	13504
713.473	13563
713.895	13517
714.317	13525
714.739	13452
715.160	13393
715.582	13438
716.004	13276
716.426	13259
716.847	13192
717.269	13471
717.691	13584
718.113	13626
718.534	13638
718.956	13667
719.378	13158
719.800	13118
720.221	13000
720.643	12941
721.065	12678
721.486	12866
721.908	12772
722.330	12800
722.751	12684
723.173	12407
723.595	12446
724.016	12573
724.438	12524
724.859	12481
725.281	12464
725.703	12346
726.124	12281
726.546	12272
726.967	12374
727.389	12312
727.811	12299
728.232	12495
728.654	12352
729.075	12413
729.497	12433
729.918	12453
730.340	12629
730.761	13056
731.183	13150
731.604	13011
732.026	12750
732.447	12678
732.869	12248
733.290	11910
733.712	11960
734.133	12093
734.555	11892
734.976	11896
735.397	11975
735.819	12291
736.240	12237
736.662	12394
737.083	12598
737.504	12791
737.926	12915
738.347	13326
738.769	13342
739.190	13340
739.611	13329
740.033	13088
740.454	13514
740.875	14322
741.297	16916
741.718	18747
742.139	18795
742.561	18288
742.982	20294
743.403	24703
743.824	25269
744.246	22421
744.667	19029
745.088	18341
745.510	22628
745.931	29563
746.352	32010
746.773	28386
747.195	21431
747.616	17281
748.037	15102
748.458	13787
748.879	13126
749.301	12587
749.722	12581
750.143	12052
750.564	12149
750.985	11797
751.406	11892
751.828	11537
752.249	11523
752.670	11582
753.091	11561
753.512	11626
753.933	11872
754.354	11892
754.775	12053
755.196	12723
755.617	12816
756.039	13145
756.460	12986
756.881	12937
757.302	12567
757.723	11790
758.144	11163
758.565	10844
758.986	10662
759.407	10526
759.828	10326
760.249	10359
760.670	10481
761.091	10237
761.512	10272
761.933	10594
762.354	10588
762.775	10836
763.196	10886
763.617	11081
764.038	11274
764.458	10850
764.879	10502
765.300	10044
765.721	9753
766.142	9481
766.563	9639
766.984	9670
767.405	9640
767.826	9500
768.246	9561
768.667	9699
769.088	9522
769.509	9616
769.930	9411
770.351	9639
770.771	9560
771.192	9578
771.613	9474
772.034	9416
772.455	9546
772.875	9456
773.296	9244
773.717	9451
774.138	9320
774.558	9540
774.979	9597
775.400	9570
775.821	9743
776.241	9811
776.662	9486
777.083	9646
777.503	9739
777.924	9786
778.345	9893
778.766	10064
779.186	10191
779.607	10450
780.027	11152
780.448	11468
780.869	12008
781.289	12035
781.710	11837
782.131	11404
782.551	10451
782.972	10139
783.392	10088
783.813	9766
784.234	9719
784.654	9580
785.075	9786
785.495	9853
785.916	9852
786.336	9973
786.757	10298
787.177	10678
787.598	10870
788.018	11210
788.439	11261
788.859	11251
789.280	11020
789.700	10335
790.121	10033
790.541	9779
790.962	9942
791.382	10911
791.803	15965
792.223	23908
792.644	25680
793.064	21030
793.484	14069
793.905	11008
794.325	10120
794.746	9551
795.166	9107
795.586	9051
796.007	8883
796.427	8690
796.848	8610
797.268	8303
797.688	8294
798.109	8329
798.529	8138
798.949	8222
799.370	7937
799.790	7871
800.210	7821
800.630	7559
801.051	7780
801.471	7570
801.891	7698
802.312	7473
802.732	7428
803.152	7539
803.572	7564
803.993	7572
804.413	7795
804.833	7780
805.253	7653
805.673	7846
806.094	7995
806.514	8232
806.934	9133
807.354	11598
807.774	21043
808.194	31920
808.615	33211
809.035	24323
809.455	14527
809.875	10195
810.295	9109
810.715	8274
811.135	7995
811.555	7759
811.976	7623
812.396	7572
812.816	7516
813.236	7605
813.656	7589
814.076	7608
814.496	7663
814.916	7816
815.336	7937
815.756	8450
816.176	9044
816.596	10710
817.016	14649
817.436	20356
817.856	22526
818.276	20561
818.696	17180
819.116	15392
819.536	16508
819.956	21591
820.376	28879
820.796	33401
821.216	32523
821.636	25601
822.056	19713
822.475	16278
822.895	17031
823.315	17372
823.735	15929
824.155	13093
824.575	10888
824.995	9656
825.415	9118
825.835	8840
826.254	8584
826.674	8057
827.094	7873
827.514	7488
827.934	7077
828.353	6901
828.773	6765
829.193	6707
829.613	6661
830.033	6472
830.452	6353
830.872	6179
831.292	6193
831.712	6210
832.131	6134
832.551	6112
832.971	5889
833.391	5883
833.810	5899
834.230	5833
834.650	5687
835.069	5585
835.489	5820
835.909	5775
836.328	5545
836.748	5577
837.168	5604
837.587	5531
838.007	5504
838.427	5499
838.846	5485
839.266	5405
839.685	5532
840.105	5471
840.525	5562
840.944	5407
841.364	5375
841.783	5306
842.203	5213
842.623	5221
843.042	5013
843.462	5291
843.881	5176
844.301	5139
844.720	5082
845.140	5129
845.559	5012
845.979	5077
846.398	5194
846.818	5009
847.237	5032
847.657	4929
848.076	4992
848.496	4967
848.915	4979
849.334	5050
849.754	4967
850.173	4990
850.593	4929
851.012	4996
851.431	5080
851.851	4997
852.270	4963
852.690	4987
853.109	4939
853.528	5034
853.948	4945
854.367	5179
854.786	5532
855.206	5850
855.625	6559
856.044	6701
856.464	6223
856.883	6127
857.302	6281
857.722	6821
858.141	8133
858.560	8461
858.979	7890
859.399	7112
859.818	6697
860.237	6841
860.656	7301
861.076	8737
861.495	11279
861.914	13092
862.333	12768
862.753	10459
863.172	9052
863.591	8304
864.010	8554
864.429	9048
864.848	9347
865.268	9958
865.687	11592
866.106	16987
866.525	26836
866.944	34647
867.363	34508
867.782	26705
868.202	18467
868.621	15158
869.040	14687
869.459	15226
869.878	15828
870.297	15397
870.716	13977
871.135	11698
871.554	9522
871.973	7977
872.392	6989
872.811	6312
873.230	5986
873.649	5655
874.068	5395
874.487	5120
874.906	4938
875.325	4801
875.744	4644
876.163	4596
876.582	4519
877.001	4366
877.420	4280
877.839	4161
878.258	4147
878.677	4209
879.096	3927
879.515	3959
879.934	3997
880.352	4003
880.771	3945
881.190	3910
881.609	3833
882.028	3826
882.447	3916
882.866	3726
883.285	3697
883.703	3661
884.122	3727
884.541	3564
884.960	3687
885.379	3649
885.797	3594
886.216	3549
886.635	3547
887.054	3598
887.473	3412
887.891	3404
888.310	3340
888.729	3400
889.148	3423
889.566	3433
889.985	3411
890.404	3325
890.822	3273
891.241	3323
891.660	3338
892.079	3394
892.497	3271
892.916	3328
893.335	3421
893.753	3310
894.172	3339
894.591	3393
895.009	3345
895.428	3452
895.846	3387
896.265	3381
896.684	3330
897.102	3511
897.521	3423
897.939	3491
898.358	3543
898.777	3631
899.195	3733
899.614	3747
900.032	3846
900.451	4105
900.869	4415
901.288	4585
901.706	4801
902.125	5265
902.543	6295
902.962	7664
903.380	8878
903.799	8846
904.217	7625
904.636	6505
905.054	5896
905.473	5421
905.891	4907
906.310	4420
906.728	4155
907.146	3979
907.565	3853
907.983	3640
908.402	3520
908.820	3490
909.238	3466
909.657	3414
910.075	3279
910.494	3233
910.912	3258
911.330	3107
911.749	3098
912.167	3121
912.585	3136
913.004	3051
913.422	2951
913.840	3054
914.259	3052
914.677	2894
915.095	2988
915.513	3028
915.932	2885
916.350	2934
916.768	2870
917.186	2894
917.605	2953
918.023	2802
918.441	2914
918.859	2827
919.278	2769
919.696	2784
920.114	2717
920.532	2808
920.950	2738
921.369	2680
921.787	2698
922.205	2617
922.623	2642
923.041	2616
923.459	2695
923.877	2550
924.296	2563
924.714	2502
925.132	2563
925.550	2543
925.968	2515
926.386	2589
926.804	2561
927.222	2438
927.640	2564
928.058	2502
928.476	2420
928.894	2587
929.312	2450
929.730	2523
930.148	2489
930.566	2518
930.984	2480
931.402	2476
931.820	2467
932.238	2558
932.656	2479
933.074	2540
933.492	2496
933.910	2584
934.328	2655
934.746	2742
935.164	2941
935.582	3131
936.000	3496
936.418	4515
936.836	6097
937.254	7977
937.672	9148
938.089	8388
938.507	6633
938.925	5097
939.343	3975
939.761	3456
940.179	3199
940.597	2926
941.014	2786
941.432	2625
941.850	2543
942.268	2424
942.686	2495
943.103	2453
943.521	2438
943.939	2532
944.357	2688
944.775	2593
945.192	2546
945.610	2323
946.028	2336
946.446	2248
946.863	2174
947.281	2137
947.699	2147
948.116	2057
948.534	2066
948.952	2127
949.369	2042
949.787	1982
950.205	1991
950.622	1962
951.040	2016
951.458	1996
951.875	1987
952.293	1891
952.711	1971
953.128	1867
953.546	1881
953.963	1883
954.381	1880
954.799	1846
955.216	1835
955.634	1783
956.051	1842
956.469	1835
956.886	1803
957.304	1771
957.722	1804
958.139	1727
958.557	1789
958.974	1847
959.392	1823
959.809	1768
960.227	1731
960.644	1774
961.062	1711
961.479	1711
961.896	1683
962.314	1725
962.731	1627
963.149	1715
963.566	1663
963.984	1645
964.401	1728
964.818	1673
965.236	1653
965.653	1639
966.071	1651
966.488	1594
966.905	1576
967.323	1571
967.740	1581
968.157	1549
968.575	1620
968.992	1639
969.409	1623
969.827	1569
970.244	1553
970.661	1529
971.079	1535
971.496	1545
971.913	1559
972.331	1560
972.748	1510
973.165	1489
973.582	1469
974.000	1553
974.417	1504
974.834	1504
975.251	1513
975.669	1485
976.086	1484
976.503	1543
976.920	1531
977.337	1549
977.755	1505
978.172	1570
978.589	1519
979.006	1495
979.423	1545
979.840	1562
980.257	1598
980.675	1609
981.092	1596
981.509	1531
981.926	1624
982.343	1564
982.760	1518
983.177	1520
983.594	1565
984.011	1514
984.428	1602
984.845	1576
985.263	1685
985.680	1623
986.097	1562
986.514	1511
986.931	1548
987.348	1481
987.765	1409
988.182	1424
988.599	1377
989.016	1376
989.433	1322
989.850	1372
990.267	1316
990.683	1355
991.100	1320
991.517	1364
991.934	1307
992.351	1317
992.768	1291
993.185	1286
993.602	1235
994.019	1286
994.436	1223
994.853	1203
995.269	1236
995.686	1241
996.103	1224
996.520	1211
996.937	1168
997.354	1186
997.771	1194
998.187	1175
998.604	1221
999.021	1193
999.438	1191
999.855	1216
1000.271	1132
1000.688	1160
1001.105	1137
1001.522	1141
1001.938	1133
1002.355	1126
1002.772	1122
1003.189	1141
1003.605	1106
1004.022	1151
1004.439	1091
1004.856	1083
1005.272	1109
1005.689	1146
1006.106	1167
1006.522	1197
1006.939	1182
1007.356	1243
1007.772	1329
1008.189	1415
1008.606	1517
1009.022	1807
1009.439	2000
1009.855	2098
1010.272	1997
1010.689	1861
1011.105	1772
1011.522	1638
1011.938	1514
1012.355	1447
1012.771	1370
1013.188	1320
1013.605	1312
1014.021	1265
1014.438	1213
1014.854	1216
1015.271	1169
1015.687	1079
1016.104	1117
1016.520	1058
1016.937	1020
1017.353	1029
1017.770	1014
1018.186	1010
1018.603	940
1019.019	940
1019.436	956
1019.852	933
1020.268	953
1020.685	946
1021.101	918
1021.518	908
1021.934	893
1022.350	889
1022.767	869
1023.183	887
1023.600	856
1024.016	892
1024.432	836
1024.849	834
1025.265	862
1025.681	857
1026.098	824
1026.514	812
1026.930	849
1027.347	825
1027.763	840
1028.179	817
1028.595	813
1029.012	801
1029.428	800
1029.844	799
1030.261	795
1030.677	809
1031.093	783
1031.509	776
1031.925	772
1032.342	758
1032.758	789
1033.174	746
1033.590	775
1034.006	763
1034.423	765
1034.839	769
1035.255	775
1035.671	766
1036.087	778
1036.503	771
1036.920	755
1037.336	750
1037.752	740
1038.168	731
1038.584	738
1039.000	754
1039.416	735
1039.832	744
1040.248	735
1040.665	730
1041.081	740
1041.497	706
1041.913	714
1042.329	719
1042.745	725
1043.161	725
1043.577	719
1043.993	709
1044.409	699
1044.825	723
1045.241	713
1045.657	692
1046.073	712
1046.489	722
1046.905	722
1047.321	718
1047.737	741
1048.153	736
1048.568	739
1048.984	734
1049.400	736
1049.816	746
1050.232	737
1050.648	755
1051.064	754
1051.480	766
1051.896	757
1052.312	731
1052.727	745
1053.143	737
1053.559	747
1053.975	743
1054.391	730
1054.807	722
1055.222	715
1055.638	722
1056.054	708
1056.470	718
1056.886	719
1057.301	705
1057.717	730
1058.133	686
1058.549	714
1058.964	714
1059.380	723
1059.796	693
1060.212	701
1060.627	702
1061.043	701
1061.459	704
1061.874	693
1062.290	709
1062.706	699
1063.121	681
1063.537	694
1063.953	693
1064.368	681
1064.784	692
1065.200	660
1065.615	675
1066.031	684
1066.447	666
1066.862	672
1067.278	683
1067.693	687
1068.109	675
1068.525	686
1068.940	666
1069.356	680
1069.771	674
1070.187	672
1070.602	669
1071.018	662
1071.433	681
1071.849	674
1072.264	669
1072.680	661
1073.095	667
1073.511	673
1073.926	669
1074.342	669
1074.757	672
1075.173	656
1075.588	663
1076.004	655
1076.419	676
1076.835	655
1077.250	652
1077.665	690
1078.081	661
1078.496	661
1078.912	658
1079.327	651
1079.742	547
