516.961	613
517.387	619
517.812	623
518.237	620
518.662	609
519.087	623
519.513	606
519.938	617
520.363	622
520.788	629
521.213	622
521.638	618
522.064	614
522.489	621
522.914	621
523.339	607
523.764	616
524.189	622
524.614	620
525.039	628
525.464	621
525.889	628
526.315	619
526.740	630
527.165	615
527.590	614
528.015	615
528.440	612
528.865	609
529.290	613
529.715	626
530.140	611
530.565	617
530.990	616
531.415	621
531.840	623
532.265	614
532.690	613
533.115	613
533.540	618
533.964	623
534.389	611
534.814	629
535.239	617
535.664	619
536.089	627
536.514	618
536.939	616
537.364	630
537.789	635
538.213	633
538.638	643
539.063	662
539.488	684
539.913	690
540.338	716
540.762	726
541.187	735
541.612	780
542.037	815
542.462	837
542.886	898
543.311	939
543.736	967
544.161	1060
544.585	1139
545.010	1204
545.435	1292
545.860	1316
546.284	1419
546.709	1436
547.134	1490
547.558	1599
547.983	1620
548.408	1847
548.832	1884
549.257	1945
549.682	2043
550.106	2106
550.531	2251
550.956	2313
551.380	2391
551.805	2380
552.230	2551
552.654	2459
553.079	2640
553.503	2724
553.928	2728
554.353	2745
554.777	2814
555.202	2870
555.626	2923
556.051	3288
556.475	3313
556.900	3669
557.324	3474
557.749	3518
558.173	3545
558.598	3593
559.022	3610
559.447	3344
559.871	3367
560.296	3471
560.720	3763
561.145	3981
561.569	3986
561.994	3891
562.418	3527
562.843	3368
563.267	3472
563.691	3486
564.116	3444
564.540	3717
564.965	3830
565.389	4194
565.813	4333
566.238	4420
566.662	4387
567.087	4482
567.511	4510
567.935	4182
568.360	4090
568.784	3873
569.208	3581
569.633	3509
570.057	3537
570.481	3628
570.905	3438
571.330	3332
571.754	3257
572.178	3130
572.603	3080
573.027	3002
573.451	3063
573.875	3108
574.300	3013
574.724	3116
575.148	3198
575.572	3142
575.996	3169
576.421	3190
576.845	3133
577.269	3029
577.693	2981
578.117	3070
578.541	3089
578.966	3087
579.390	2969
579.814	2960
580.238	3049
580.662	3070
581.086	2998
581.510	2975
581.934	2979
582.359	3053
582.783	2954
583.207	3015
583.631	2968
584.055	2963
584.479	3005
584.903	2981
585.327	3086
585.751	3087
586.175	3024
586.599	3078
587.023	3028
587.447	2945
587.871	3153
588.295	3325
588.719	3397
589.143	3512
589.567	3379
589.991	3488
590.415	3408
590.839	3404
591.263	3575
591.687	3400
592.111	3673
592.535	3728
592.959	3789
593.382	3840
593.806	3585
594.230	3520
594.654	3385
595.078	3506
595.502	3411
595.926	3398
596.350	3301
596.773	3351
597.197	3254
597.621	3269
598.045	3436
598.469	3409
598.892	3237
599.316	3275
599.740	3404
600.164	3368
600.588	3418
601.011	3522
601.435	3714
601.859	3771
602.283	3665
602.706	3555
603.130	3439
603.554	3365
603.978	3366
604.401	3258
604.825	3304
605.249	3236
605.672	3281
606.096	3366
606.520	3343
606.943	3301
607.367	3356
607.791	3353
608.214	3381
608.638	3381
609.062	3453
609.485	3541
609.909	3685
610.332	3709
610.756	3503
611.180	3534
611.603	3486
612.027	3321
612.450	3433
612.874	3490
613.298	3613
613.721	3435
614.145	3340
614.568	3198
614.992	3153
615.415	2977
615.839	3059
616.262	3158
616.686	3094
617.109	3175
617.533	3085
617.956	3097
618.380	3132
618.803	3107
619.227	3076
619.650	2995
620.073	2907
620.497	2973
620.920	2891
621.344	3042
621.767	3032
622.191	3224
622.614	3078
623.037	3051
623.461	3159
623.884	3171
624.307	3072
624.731	3134
625.154	3065
625.578	2983
626.001	2903
626.424	2910
626.847	2856
627.271	2908
627.694	3031
628.117	2965
628.541	2985
628.964	2969
629.387	3102
629.811	3068
630.234	3086
630.657	3138
631.080	3064
631.504	3118
631.927	3092
632.350	3160
632.773	3236
633.196	3300
633.620	3519
634.043	3605
634.466	3987
634.889	5129
635.312	7252
635.736	9192
636.159	9893
636.582	8528
637.005	6658
637.428	5268
637.851	4480
638.274	4163
638.698	3980
639.121	4109
639.544	3935
639.967	3954
640.390	3765
640.813	3629
641.236	3538
641.659	3468
642.082	3401
642.505	3280
642.928	3091
643.351	2972
643.774	3095
644.197	3017
644.620	3013
645.043	2948
645.466	3030
645.889	3084
646.312	3134
646.735	3104
647.158	3039
647.581	3045
648.004	3221
648.427	3292
648.850	3383
649.273	3406
649.696	3301
650.119	3165
650.542	3042
650.965	2973
651.388	2950
651.810	3156
652.233	3044
652.656	2898
653.079	3085
653.502	3090
653.925	3088
654.348	3137
654.770	3093
655.193	3117
655.616	3137
656.039	3277
656.462	3203
656.885	3311
657.307	3200
657.730	3044
658.153	3100
658.576	3086
658.998	3195
659.421	3049
659.844	3132
660.267	3034
660.689	3031
661.112	2956
661.535	2912
661.958	2923
662.380	2897
662.803	2847
663.226	2842
663.648	2813
664.071	2799
664.494	2755
664.916	2738
665.339	2764
665.762	2734
666.184	2681
666.607	2757
667.030	2717
667.452	2846
667.875	2760
668.297	2772
668.720	2637
669.143	2618
669.565	2651
669.988	2663
670.410	2661
670.833	2694
671.255	2693
671.678	2652
672.100	2638
672.523	2668
672.945	2636
673.368	2642
673.791	2598
674.213	2619
674.635	2582
675.058	2674
675.480	2605
675.903	2652
676.325	2599
676.748	2562
677.170	2513
677.593	2614
678.015	2606
678.438	2601
678.860	2626
679.282	2614
679.705	2600
680.127	2690
680.550	2707
680.972	2611
681.394	2615
681.817	2638
682.239	2667
682.661	2703
683.084	2666
683.506	2655
683.928	2650
684.351	2635
684.773	2636
685.195	2728
685.618	2675
686.040	2660
686.462	2613
686.885	2559
687.307	2638
687.729	2461
688.151	2589
688.574	2605
688.996	2596
689.418	2493
689.840	2491
690.262	2493
690.685	2559
691.107	2505
691.529	2577
691.951	2611
692.373	2576
692.796	2532
693.218	2576
693.640	2524
694.062	2563
694.484	2548
694.906	2525
695.329	2478
695.751	2509
696.173	2422
696.595	2500
697.017	2479
697.439	2507
697.861	2388
698.283	2412
698.705	2444
699.127	2492
699.549	2348
699.971	2457
700.394	2449
700.816	2455
701.238	2421
701.660	2470
702.082	2493
702.504	2460
702.926	2513
703.348	2492
703.770	2446
704.192	2436
704.614	2397
705.036	2457
705.457	2407
705.879	2397
706.301	2383
706.723	2368
707.145	2321
707.567	2361
707.989	2392
708.411	2383
708.833	2403
709.255	2333
709.677	2279
710.098	2314
710.520	2310
710.942	2426
711.364	2421
711.786	2346
712.208	2409
712.630	2405
713.051	2408
713.473	2400
713.895	2409
714.317	2352
714.739	2326
715.160	2382
715.582	2285
716.004	2437
716.426	2434
716.847	2370
717.269	2494
717.691	2559
718.113	2698
718.534	2642
718.956	2491
719.378	2493
719.800	2503
720.221	2469
720.643	2499
721.065	2487
721.486	2506
721.908	2340
722.330	2367
722.751	2418
723.173	2337
723.595	2363
724.016	2421
724.438	2430
724.859	2395
725.281	2380
725.703	2400
726.124	2384
726.546	2463
726.967	2375
727.389	2404
727.811	2385
728.232	2473
728.654	2392
729.075	2407
729.497	2380
729.918	2463
730.340	2386
730.761	2453
731.183	2452
731.604	2402
732.026	2349
732.447	2419
732.869	2357
733.290	2486
733.712	2410
734.133	2410
734.555	2442
734.976	2394
735.397	2477
735.819	2334
736.240	2414
736.662	2377
737.083	2431
737.504	2466
737.926	2511
738.347	2523
738.769	2546
739.190	2556
739.611	2523
740.033	2538
740.454	2661
740.875	2719
741.297	2915
741.718	2955
742.139	3022
742.561	3137
742.982	3207
743.403	3395
743.824	3632
744.246	3648
744.667	3450
745.088	3295
745.510	3460
745.931	3844
746.352	4152
746.773	4156
747.195	3832
747.616	3575
748.037	3204
748.458	3057
748.879	3086
749.301	3024
749.722	3032
750.143	3003
750.564	3014
750.985	3005
751.406	2784
751.828	2676
752.249	2669
752.670	2753
753.091	2702
753.512	2711
753.933	2710
754.354	2757
754.775	2762
755.196	2781
755.617	2859
756.039	2938
756.460	3097
756.881	3118
757.302	3385
757.723	3425
758.144	3469
758.565	3260
758.986	3025
759.407	2827
759.828	2644
760.249	2645
760.670	2670
761.091	2635
761.512	2607
761.933	2603
762.354	2571
762.775	2589
763.196	2521
763.617	2472
764.038	2489
764.458	2515
764.879	2514
765.300	2509
765.721	2556
766.142	2491
766.563	2534
766.984	2455
767.405	2455
767.826	2502
768.246	2473
768.667	2559
769.088	2567
769.509	2472
769.930	2511
770.351	2517
770.771	2573
771.192	2734
771.613	2727
772.034	2714
772.455	2712
772.875	2662
773.296	2637
773.717	2614
774.138	2610
774.558	2577
774.979	2508
775.400	2446
775.821	2469
776.241	2547
776.662	2524
777.083	2543
777.503	2553
777.924	2503
778.345	2451
778.766	2383
779.186	2321
779.607	2433
780.027	2393
780.448	2420
780.869	2399
781.289	2376
781.710	2353
782.131	2430
782.551	2449
782.972	2457
783.392	2380
783.813	2351
784.234	2276
784.654	2361
785.075	2232
785.495	2282
785.916	2273
786.336	2253
786.757	2264
787.177	2285
787.598	2257
788.018	2289
788.439	2195
788.859	2319
789.280	2320
789.700	2372
790.121	2308
790.541	2274
790.962	2251
791.382	2318
791.803	2265
792.223	2350
792.644	2415
793.064	2468
793.484	2464
793.905	2590
794.325	2369
794.746	2364
795.166	2304
795.586	2322
796.007	2281
796.427	2286
796.848	2230
797.268	2260
797.688	2262
798.109	2239
798.529	2301
798.949	2292
799.370	2433
799.790	2380
800.210	2423
800.630	2235
801.051	2262
801.471	2276
801.891	2259
802.312	2267
802.732	2184
803.152	2239
803.572	2252
803.993	2312
804.413	2256
804.833	2151
805.253	2282
805.673	2231
806.094	2219
806.514	2222
806.934	2270
807.354	2225
807.774	2349
808.194	2271
808.615	2276
809.035	2437
809.455	2503
809.875	2560
810.295	2573
810.715	2527
811.135	2472
811.555	2377
811.976	2253
812.396	2193
812.816	2236
813.236	2193
813.656	2253
814.076	2252
814.496	2223
814.916	2223
815.336	2210
815.756	2420
816.176	2369
816.596	2517
817.016	2899
817.436	3203
817.856	3515
818.276	3462
818.696	3272
819.116	3151
819.536	3068
819.956	3435
820.376	3913
820.796	4539
821.216	4799
821.636	4233
822.056	3728
822.475	3265
822.895	3147
823.315	2980
823.735	3082
824.155	2835
824.575	2706
824.995	2513
825.415	2368
825.835	2443
826.254	2303
826.674	2320
827.094	2316
827.514	2312
827.934	2318
828.353	2209
828.773	2186
829.193	2130
829.613	2197
830.033	2108
830.452	2168
830.872	2191
831.292	2200
831.712	2235
832.131	2243
832.551	2220
832.971	2129
833.391	2167
833.810	2095
834.230	2057
834.650	2093
835.069	2110
835.489	2041
835.909	2037
836.328	2103
836.748	1996
837.168	2045
837.587	2194
838.007	2132
838.427	2119
838.846	2126
839.266	2173
839.685	2174
840.105	2189
840.525	2236
840.944	2204
841.364	2249
841.783	2238
842.203	2081
842.623	2111
843.042	2111
843.462	2045
843.881	2017
844.301	2043
844.720	1983
845.140	2069
845.559	2052
845.979	2090
846.398	2053
846.818	2034
847.237	2020
847.657	2045
848.076	1953
848.496	1953
848.915	1968
849.334	1905
849.754	1980
850.173	2089
850.593	2019
851.012	2104
851.431	2001
851.851	2008
852.270	1946
852.690	1943
853.109	1995
853.528	1883
853.948	1958
854.367	1972
854.786	1935
855.206	1990
855.625	2054
856.044	2077
856.464	1980
856.883	2183
857.302	2027
857.722	2063
858.141	2181
858.560	2238
858.979	2228
859.399	2130
859.818	2137
860.237	2233
860.656	2120
861.076	2251
861.495	2460
861.914	2582
862.333	2591
862.753	2480
863.172	2376
863.591	2313
864.010	2148
864.429	2353
864.848	2375
865.268	2365
865.687	2625
866.106	2969
866.525	3642
866.944	4454
867.363	4825
867.782	4336
868.202	3754
868.621	3235
869.040	2925
869.459	2918
869.878	2896
870.297	2960
870.716	2822
871.135	2573
871.554	2359
871.973	2186
872.392	2084
872.811	2067
873.230	1968
873.649	1872
874.068	1922
874.487	1856
874.906	1866
875.325	1879
875.744	1895
876.163	1848
876.582	1795
877.001	1787
877.420	1751
877.839	1749
878.258	1798
878.677	1849
879.096	1764
879.515	1773
879.934	1696
880.352	1797
880.771	1778
881.190	1798
881.609	1721
882.028	1744
882.447	1737
882.866	1728
883.285	1779
883.703	1615
884.122	1712
884.541	1671
884.960	1660
885.379	1762
885.797	1647
886.216	1642
886.635	1640
887.054	1647
887.473	1690
887.891	1624
888.310	1656
888.729	1685
889.148	1650
889.566	1637
889.985	1612
890.404	1630
890.822	1628
891.241	1621
891.660	1609
892.079	1673
892.497	1578
892.916	1633
893.335	1583
893.753	1587
894.172	1645
894.591	1604
895.009	1565
895.428	1602
895.846	1607
896.265	1551
896.684	1618
897.102	1589
897.521	1636
897.939	1642
898.358	1625
898.777	1594
899.195	1590
899.614	1592
900.032	1671
900.451	1635
900.869	1700
901.288	1704
901.706	1712
902.125	1773
902.543	1753
902.962	1987
903.380	1964
903.799	2077
904.217	2041
904.636	1935
905.054	1868
905.473	1797
905.891	1765
906.310	1743
906.728	1686
907.146	1691
907.565	1620
907.983	1595
908.402	1642
908.820	1599
909.238	1583
909.657	1631
910.075	1587
910.494	1724
910.912	1726
911.330	1664
911.749	1588
912.167	1527
912.585	1507
913.004	1529
913.422	1486
913.840	1536
914.259	1512
914.677	1571
915.095	1571
915.513	1515
915.932	1538
916.350	1491
916.768	1485
917.186	1535
917.605	1512
918.023	1481
918.441	1517
918.859	1506
919.278	1511
919.696	1448
920.114	1526
920.532	1454
920.950	1460
921.369	1480
921.787	1548
922.205	1493
922.623	1487
923.041	1443
923.459	1411
923.877	1376
924.296	1422
924.714	1446
925.132	1434
925.550	1389
925.968	1408
926.386	1427
926.804	1422
927.222	1407
927.640	1391
928.058	1401
928.476	1430
928.894	1414
929.312	1434
929.730	1434
930.148	1415
930.566	1393
930.984	1405
931.402	1347
931.820	1442
932.238	1353
932.656	1391
933.074	1400
933.492	1344
933.910	1422
934.328	1390
934.746	1411
935.164	1409
935.582	1406
936.000	1492
936.418	1559
936.836	1749
937.254	1846
937.672	1993
938.089	2077
938.507	1936
938.925	1715
939.343	1628
939.761	1487
940.179	1498
940.597	1410
941.014	1335
941.432	1390
941.850	1371
942.268	1345
942.686	1340
943.103	1341
943.521	1320
943.939	1398
944.357	1365
944.775	1365
945.192	1378
945.610	1299
946.028	1270
946.446	1300
946.863	1279
947.281	1301
947.699	1264
948.116	1275
948.534	1327
948.952	1283
949.369	1239
949.787	1259
950.205	1217
950.622	1258
951.040	1243
951.458	1247
951.875	1302
952.293	1210
952.711	1215
953.128	1204
953.546	1193
953.963	1256
954.381	1215
954.799	1201
955.216	1214
955.634	1238
956.051	1225
956.469	1198
956.886	1165
957.304	1213
957.722	1241
958.139	1217
958.557	1173
958.974	1203
959.392	1163
959.809	1192
960.227	1214
960.644	1189
961.062	1146
961.479	1206
961.896	1134
962.314	1145
962.731	1132
963.149	1182
963.566	1156
963.984	1187
964.401	1192
964.818	1190
965.236	1156
965.653	1137
966.071	1120
966.488	1140
966.905	1140
967.323	1113
967.740	1078
968.157	1129
968.575	1117
968.992	1102
969.409	1098
969.827	1098
970.244	1075
970.661	1095
971.079	1095
971.496	1073
971.913	1113
972.331	1098
972.748	1058
973.165	1058
973.582	1051
974.000	1061
974.417	1101
974.834	1079
975.251	1065
975.669	1077
976.086	1010
976.503	1050
976.920	1008
977.337	1106
977.755	1009
978.172	1046
978.589	1036
979.006	1029
979.423	993
979.840	1087
980.257	1028
980.675	1029
981.092	1010
981.509	1003
981.926	1026
982.343	1021
982.760	1020
983.177	1015
983.594	1023
984.011	1023
984.428	987
984.845	1014
985.263	1013
985.680	995
986.097	997
986.514	989
986.931	940
987.348	1002
987.765	967
988.182	961
988.599	947
989.016	949
989.433	923
989.850	948
990.267	938
990.683	949
991.100	921
991.517	986
991.934	934
992.351	924
992.768	923
993.185	927
993.602	940
994.019	917
994.436	883
994.853	911
995.269	882
995.686	911
996.103	883
996.520	896
996.937	916
997.354	873
997.771	886
998.187	891
998.604	858
999.021	850
999.438	848
999.855	857
1000.271	881
1000.688	887
1001.105	831
1001.522	853
1001.938	878
1002.355	829
1002.772	853
1003.189	814
1003.605	857
1004.022	837
1004.439	825
1004.856	850
1005.272	870
1005.689	828
1006.106	851
1006.522	851
1006.939	831
1007.356	836
1007.772	831
1008.189	838
1008.606	849
1009.022	886
1009.439	932
1009.855	911
1010.272	919
1010.689	908
1011.105	952
1011.522	963
1011.938	966
1012.355	943
1012.771	905
1013.188	883
1013.605	847
1014.021	831
1014.438	842
1014.854	789
1015.271	790
1015.687	778
1016.104	774
1016.520	771
1016.937	797
1017.353	779
1017.770	777
1018.186	755
1018.603	785
1019.019	765
1019.436	749
1019.852	789
1020.268	748
1020.685	737
1021.101	739
1021.518	780
1021.934	724
1022.350	738
1022.767	735
1023.183	739
1023.600	737
1024.016	737
1024.432	716
1024.849	755
1025.265	733
1025.681	720
1026.098	734
1026.514	720
1026.930	718
1027.347	721
1027.763	706
1028.179	714
1028.595	730
1029.012	714
1029.428	716
1029.844	714
1030.261	701
1030.677	699
1031.093	699
1031.509	687
1031.925	711
1032.342	707
1032.758	687
1033.174	706
1033.590	676
1034.006	698
1034.423	713
1034.839	694
1035.255	705
1035.671	691
1036.087	689
1036.503	673
1036.920	680
1037.336	675
1037.752	702
1038.168	688
1038.584	684
1039.000	675
1039.416	681
1039.832	679
1040.248	662
1040.665	670
1041.081	676
1041.497	660
1041.913	677
1042.329	686
1042.745	663
1043.161	662
1043.577	675
1043.993	667
1044.409	671
1044.825	662
1045.241	650
1045.657	661
1046.073	673
1046.489	654
1046.905	667
1047.321	680
1047.737	663
1048.153	668
1048.568	656
1048.984	669
1049.400	650
1049.816	653
1050.232	661
1050.648	672
1051.064	665
1051.480	661
1051.896	661
1052.312	649
1052.727	668
1053.143	662
1053.559	662
1053.975	661
1054.391	655
1054.807	652
1055.222	677
1055.638	664
1056.054	648
1056.470	656
1056.886	657
1057.301	658
1057.717	643
1058.133	668
1058.549	651
1058.964	650
1059.380	634
1059.796	653
1060.212	650
1060.627	643
1061.043	656
1061.459	650
1061.874	653
1062.290	661
1062.706	660
1063.121	651
1063.537	647
1063.953	659
1064.368	649
1064.784	650
1065.200	644
1065.615	640
1066.031	643
1066.447	650
1066.862	643
1067.278	641
1067.693	642
1068.109	650
1068.525	647
1068.940	644
1069.356	637
1069.771	643
1070.187	635
1070.602	641
1071.018	630
1071.433	635
1071.849	637
1072.264	637
1072.680	642
1073.095	636
1073.511	642
1073.926	635
1074.342	631
1074.757	639
1075.173	634
1075.588	631
1076.004	639
1076.419	633
1076.835	626
1077.250	631
1077.665	648
1078.081	637
1078.496	627
1078.912	636
1079.327	610
1079.742	505
